1.000000000000000021e-03 1.000000000000000056e-01 1.125991629817977735e+00 2.979207586310967867e-03
1.000000000000000021e-03 1.750000000000000167e-01 4.801767657685466761e-01 1.048070952793153958e-03
1.000000000000000021e-03 2.500000000000000000e-01 3.164972664502921362e-01 6.789924807660309425e-04
1.000000000000000021e-03 3.250000000000000111e-01 4.297890037982031730e-01 1.135259265078875091e-03
1.000000000000000021e-03 4.000000000000000222e-01 1.043500366936787938e+00 6.626198342700661062e-03
3.162277660168379394e-03 1.000000000000000056e-01 1.982608965555723080e+00 8.731680295981500070e-03
3.162277660168379394e-03 1.750000000000000167e-01 1.095974461998899807e+00 4.966886714809776691e-03
3.162277660168379394e-03 2.500000000000000000e-01 9.672305884631505757e-01 2.017124819565681293e-03
3.162277660168379394e-03 3.250000000000000111e-01 1.111660306356331951e+00 2.201478404554091817e-03
3.162277660168379394e-03 4.000000000000000222e-01 1.812156814013850203e+00 7.502293050400472146e-03
1.000000000000000021e-02 1.000000000000000056e-01 3.506775366257971704e+00 9.287065082457591700e-03
1.000000000000000021e-02 1.750000000000000167e-01 2.385364102249638574e+00 4.295361778132098830e-03
1.000000000000000021e-02 2.500000000000000000e-01 2.062654072097226621e+00 3.602553210806782279e-03
1.000000000000000021e-02 3.250000000000000111e-01 2.552290289481544239e+00 6.980741863736070023e-03
1.000000000000000021e-02 4.000000000000000222e-01 3.546860413402353362e+00 8.248176886181370765e-03
3.162277660168379134e-02 1.000000000000000056e-01 6.120762677204409030e+00 9.438071220122169758e-03
3.162277660168379134e-02 1.750000000000000167e-01 4.429292851258352925e+00 8.476715629637431720e-03
3.162277660168379134e-02 2.500000000000000000e-01 3.965405876259372242e+00 9.641255371680987687e-03
3.162277660168379134e-02 3.250000000000000111e-01 5.048618205614078924e+00 6.439482058973812657e-03
3.162277660168379134e-02 4.000000000000000222e-01 5.258964233726088011e+00 1.200599822471293612e-02
1.000000000000000056e-01 1.000000000000000056e-01 1.583626398699863280e+01 1.748070868285171720e-02
1.000000000000000056e-01 1.750000000000000167e-01 1.478281764632314399e+01 1.833842508238443456e-02
1.000000000000000056e-01 2.500000000000000000e-01 1.496849373949945416e+01 1.795204636724949745e-02
1.000000000000000056e-01 3.250000000000000111e-01 1.428757812926058612e+01 1.594666590580440593e-02
1.000000000000000056e-01 4.000000000000000222e-01 1.471325444868035248e+01 1.977721939497814954e-02
